STARLINK-1008           
1 44714U 19074B   26194.45960845  .00040509  00000+0  63258-3 0  9998
2 44714  53.1520 302.6207 0004210 320.6870  39.3835 15.53427631368297
STARLINK-1012           
1 44718U 19074F   26194.51425381  .00042046  00000+0  64671-3 0  9998
2 44718  53.1551 302.5754 0004640 319.7995  40.2672 15.53826907368294
STARLINK-1017           
1 44723U 19074L   26194.47565367  .00026326  00000+0  79264-3 0  9995
2 44723  53.0470 306.4672 0001237  90.2073 269.9070 15.34194317368214
STARLINK-1020           
1 44725U 19074N   26193.64053238  .00035525  00000+0  44158-3 0  9999
2 44725  53.1561 329.4451 0004064 247.1131 112.9454 15.59654573367828
STARLINK-1036           
1 44741U 19074AE  26194.48622826  .00053403  00000+0  32034-3 0  9990
2 44741  53.0435 289.6910 0002971   7.5795 352.5269 15.77272977368440
STARLINK-1039           
1 44744U 19074AH  26194.44351896  .00020344  00000+0  67727-3 0  9990
2 44744  53.0593 352.7987 0002061 172.6403 187.4628 15.31134686367564
STARLINK-1042           
1 44747U 19074AL  26194.34535358  .00013778  00000+0  20263-3 0  9996
2 44747  53.0395 209.0901 0001205  43.8672 316.2433 15.55793338369595
STARLINK-1043           
1 44748U 19074AM  26194.47240905  .00029540  00000+0  27507-3 0  9994
2 44748  53.0487 302.4165 0001756   2.8270 357.2755 15.67146494368272
STARLINK-1046           
1 44751U 19074AQ  26193.64287069  .00071836  00000+0  87318-3 0  9999
2 44751  53.0473 329.8896 0003162 231.7426 128.3302 15.59934299367817
STARLINK-1047           
1 44752U 19074AR  26194.50596757  .00015798  00000+0  46305-3 0  9999
2 44752  53.0695 277.0291 0001314 241.2756 118.8113 15.35384654368651
STARLINK-1048           
1 44753U 19074AS  26194.44959037  .00038696  00000+0  30428-3 0  9998
2 44753  53.0436 273.0150 0001730 134.7528 225.3630 15.71127129368672
STARLINK-1063           
1 44768U 19074BH  26194.47225172  .00043384  00000+0  67464-3 0  9993
2 44768  53.1543 343.5983 0002402 287.7944  72.2804 15.53517112367736
STARLINK-1067           
1 44771U 19074BL  26194.51149175  .00100236  00000+0  43662-3 0  9994
2 44771  53.0414 301.6244 0006531 334.8978  25.1726 15.83979683368288
STARLINK-1068           
1 44772U 19074BM  26194.43651394  .00064150  00000+0  31790-3 0  9990
2 44772  53.0387 276.1962 0005579 345.2830  14.8028 15.81407658368629
STARLINK-1114           
1 44927U 20001P   26194.51828455  .00044432  00000+0  31554-3 0  9996
2 44927  53.0403  75.0628 0001355 195.7562 164.3414 15.73475178359750
STARLINK-1123           
1 44930U 20001S   26194.44029859  .00054886  00000+0  58008-3 0  9990
2 44930  53.1400 105.1619 0006585  76.7936 283.3813 15.63648819359343
STARLINK-1094           
1 44941U 20001AD  26194.49840890  .00055714  00000+0  70355-3 0  9993
2 44941  53.1500  81.0564 0005962 100.9210 259.2474 15.59024842359692
STARLINK-1122           
1 44949U 20001AM  26193.92944088  .00039800  00000+0  51348-3 0  9991
2 44949  53.1538  84.3948 0006002  91.9581 268.2120 15.58604338359599
STARLINK-1080           
1 44961U 20001AZ  26193.83282323  .00051515  00000+0  39971-3 0  9997
2 44961  53.0444  38.9241 0001817 165.3805 194.7265 15.71317558360206
STARLINK-1090           
1 44968U 20001BG  26194.51970356  .00021195  00000+0  31833-3 0  9990
2 44968  53.1469  70.2585 0004774 100.5845 259.5704 15.54858747359848
STARLINK-1132           
1 45044U 20006A   26193.92342679  .00081114  00000+0  97690-3 0  9996
2 45044  53.1486  12.8082 0002198 186.4866 173.6120 15.60129596356374
STARLINK-1131           
1 45047U 20006D   26194.58334491  .00064173  00000+0  79860-3 0  9990
2 45047  53.1534  43.3118 0000949 119.2051 205.9387 15.59368896  5935
STARLINK-1134           
1 45048U 20006E   26194.42162981  .00002272  00000+0  30202-4 0  9997
2 45048  53.0235 351.7320 0005347 211.5104 148.5590 15.63185711356683
STARLINK-1156           
1 45054U 20006L   26193.92436668  .00028921  00000+0  76798-3 0  9992
2 45054  53.1551  56.7030 0003775 111.5485 248.5922 15.38069249355752
STARLINK-1166           
1 45060U 20006S   26194.49555998  .00035022  00000+0  30203-3 0  9991
2 45060  53.0427  23.7948 0000114 337.6256  22.4755 15.68943798356244
STARLINK-1169           
1 45061U 20006T   26193.87938483  .00042736  00000+0  10024-2 0  9995
2 45061  53.1547  54.6179 0004841  89.6138 270.5423 15.41657098355784
STARLINK-1171           
1 45062U 20006U   26193.70344964  .00077604  00000+0  40951-3 0  9998
2 45062  53.0382 350.1758 0001521 353.5484   6.5517 15.79980386356644
STARLINK-1133           
1 45064U 20006W   26194.54690910  .00020233  00000+0  54327-3 0  9996
2 45064  53.1562  30.5666 0003935 119.6419 240.4978 15.37939385356180
STARLINK-1167           
1 45071U 20006AD  26193.97061433  .00023621  00000+0  57839-3 0  9997
2 45071  53.1549  31.6962 0002399  57.7369 302.3869 15.40669606356113
STARLINK-1168           
1 45072U 20006AE  26193.93405596  .00038501  00000+0  10048-2 0  9999
2 45072  53.1560  33.5634 0003117 111.1919 248.9419 15.38464018356088
STARLINK-1172           
1 45074U 20006AG  26193.96981308  .00033249  00000+0  78199-3 0  9990
2 45074  53.1528  30.7722 0002318  88.1761 271.9511 15.41701576356122
STARLINK-1153           
1 45080U 20006AN  26194.53638685  .00020567  00000+0  50519-3 0  9993
2 45080  53.1569  28.9295 0004220  65.8109 294.3337 15.40658281356207
STARLINK-1151           
1 45081U 20006AP  26194.50310049  .00289200  47348-4  48749-3 0  9996
2 45081  53.0442 330.5399 0010442 319.4338  40.5913 16.02161592356988
STARLINK-1185           
1 45087U 20006AV  26193.89229829  .00073623  00000+0  12871-2 0  9993
2 45087  53.1579   9.8682 0002143 143.8612 216.2542 15.50011183356410
STARLINK-1183           
1 45088U 20006AW  26194.50852472  .00033959  00000+0  90579-3 0  9999
2 45088  53.1564  15.5849 0003329 135.2633 224.8640 15.37850281356384
STARLINK-1152           
1 45096U 20006BE  26193.76814616  .00056941  00000+0  88868-3 0  9997
2 45096  53.0326 329.8650 0003327 271.7353  88.3275 15.53293652356931
STARLINK-1184           
1 45098U 20006BG  26193.96663659  .00021309  00000+0  11140-2 0  9998
2 45098  53.0507  37.1337 0004492 138.5257 221.6078 15.15835469356009
STARLINK-1193           
1 45100U 20006BJ  26193.66203897  .00043707  00000+0  33507-3 0  9991
2 45100  53.0460 337.5107 0003664  61.7041 298.4346 15.71671011356813
STARLINK-1143           
1 45179U 20012B   26193.94658473  .00578222  18583-3  58340-3 0  9995
2 45179  53.0276  59.8039 0004427 241.7154 118.3433 16.10405762355745
STARLINK-1202           
1 45183U 20012F   26194.32802019  .00029960  00000+0  80835-3 0  9995
2 45183  53.1547 173.2285 0004071  16.5389 343.5747 15.37556737354228
STARLINK-1216           
1 45185U 20012H   26194.36340932  .00046741  00000+0  12305-2 0  9994
2 45185  53.1508 172.8257 0004267  19.2636 340.8529 15.38104107354176
STARLINK-1225           
1 45187U 20012K   26194.36183406  .00033006  00000+0  87528-3 0  9997
2 45187  53.1543 173.2960 0004778  24.4325 335.6905 15.38039381354219
STARLINK-1230           
1 45189U 20012M   26194.37632984  .00024514  00000+0  65597-3 0  9996
2 45189  53.1529 173.3339 0004845  29.2306 330.8969 15.37920766351447
STARLINK-1234           
1 45190U 20012N   26193.89644016  .00110692  00000+0  44773-3 0  9999
2 45190  53.0339  64.2531 0002596 239.9092 120.1674 15.85513481355578
STARLINK-1269           
1 45197U 20012V   26192.94071432  .00028812  00000+0  77083-3 0  9999
2 45197  53.1538 179.9127 0003309  34.7271 325.3948 15.37841070353975
STARLINK-1154           
1 45198U 20012W   26194.16145023  .00033171  00000+0  31492-3 0  9992
2 45198  53.0393 121.3056 0004311  86.5164 273.6344 15.66594711354847
STARLINK-1199           
1 45201U 20012Z   26194.34203366  .00026214  00000+0  70108-3 0  9999
2 45201  53.1547 157.6003 0005424  40.6814 319.4594 15.37895978354435
STARLINK-1209           
1 45206U 20012AE  26193.94054946  .00056863  00000+0  38328-3 0  9998
2 45206  53.0351  81.2149 0001231 206.8808 153.2147 15.74584777354493
STARLINK-1231           
1 45212U 20012AL  26193.91244579  .00024695  00000+0  84792-3 0  9999
2 45212  53.0397 156.3312 0001792 102.3031 257.8169 15.30012877354344
STARLINK-1271           
1 45217U 20012AR  26194.01034519  .00039850  00000+0  10523-2 0  9996
2 45217  53.1530 159.2364 0005195  44.3047 315.8372 15.38079151354382
STARLINK-1191           
1 45222U 20012AW  26193.24747377  .00053080  00000+0  12088-2 0  9998
2 45222  53.1534 134.7954 0003155  27.8522 332.2652 15.42452524354662
STARLINK-1212           
1 45223U 20012AX  26194.53061001  .00044608  00000+0  31908-3 0  9994
2 45223  53.0384  93.9060 0001483 175.7494 184.3537 15.73304563355327
STARLINK-1215           
1 45225U 20012AZ  26194.20153475  .00026041  00000+0  68994-3 0  9993
2 45225  53.1541 132.5676 0004941  50.6455 309.4987 15.38192350354731
STARLINK-1221           
1 45227U 20012BB  26194.54680913  .00010371  00000+0  21378-3 0  9998
2 45227  53.0642  31.2728 0002920  64.8173 295.3136 15.46524521356151
STARLINK-1222           
1 45228U 20012BC  26194.13993441  .00022985  00000+0  31157-3 0  9997
2 45228  53.0523  97.7562 0003712  97.1117 263.0316 15.57592508355120
STARLINK-1226           
1 45229U 20012BD  26194.21225708  .00030125  00000+0  57386-3 0  9998
2 45229  53.1538 126.2176 0005023  46.3615 313.7809 15.47955528354766
STARLINK-1227           
1 45230U 20012BE  26194.21989602  .00039022  00000+0  73728-3 0  9993
2 45230  53.1521 126.2550 0004551  46.3926 313.7459 15.48065421354885
STARLINK-1246           
1 45235U 20012BK  26193.91946455  .00032446  00000+0  85721-3 0  9992
2 45235  53.1516 174.9115 0005048  12.6617 347.4513 15.38161663354188
STARLINK-1270           
1 45237U 20012BM  26193.95694218  .00052188  00000+0  39051-3 0  9995
2 45237  53.0380  98.6881 0001408 174.6405 185.4628 15.72174654355203
STARLINK-1279           
1 45360U 20019A   26194.47495266  .00099692  00000+0  37750-3 0  9994
2 45360  53.0300 195.7533 0003957  36.3623 323.7669 15.86906416350449
STARLINK-1301           
1 45361U 20019B   26194.39233316  .00105709  00000+0  36841-3 0  9999
2 45361  53.0289 198.0879 0006120  37.9667 322.1787 15.88547543350410
STARLINK-1262           
1 45366U 20019G   26194.49879884  .00021150  00000+0  58175-3 0  9992
2 45366  53.1542 298.8899 0002018 271.0554  89.0218 15.37165306349049
STARLINK-1273           
1 45367U 20019H   26194.44884367  .00046756  00000+0  52211-3 0  9994
2 45367  53.0404 268.2557 0002097 341.8978  18.1960 15.62325756349447
STARLINK-1277           
1 45369U 20019K   26194.46511062  .00038924  00000+0  30997-3 0  9992
2 45369  53.0393 259.9966 0003297  17.7184 342.3948 15.70817241349563
STARLINK-1281           
1 45370U 20019L   26194.49117881  .00023615  00000+0  63128-3 0  9991
2 45370  53.1567 298.3538 0001287 236.5470 123.5411 15.37981193349056
STARLINK-1300           
1 45374U 20019Q   26194.29498497  .00049449  00000+0  12776-2 0  9993
2 45374  53.1580 299.0427 0001723 268.8159  91.2648 15.38659643349020
STARLINK-1302           
1 45375U 20019R   26194.43471130  .00036514  00000+0  28832-3 0  9995
2 45375  53.0431 255.9420 0000771  82.7131 277.3974 15.71056072349612
STARLINK-1304           
1 45376U 20019S   26194.40326455  .00029613  00000+0  28108-3 0  9990
2 45376  53.0399 258.4823 0001061 329.2667  30.8286 15.66668152349572
STARLINK-1305           
1 45377U 20019T   26194.41037293  .00049669  00000+0  31063-3 0  9998
2 45377  53.0347 234.6517 0007160  13.1033 347.0171 15.76330866349917
STARLINK-1319           
1 45379U 20019V   26194.47553779  .00067756  00000+0  29228-3 0  9995
2 45379  53.0327 224.2028 0004142  29.5193 330.6062 15.84354343350064
STARLINK-1266           
1 45383U 20019Z   26194.42652321  .00032817  00000+0  28031-3 0  9999
2 45383  53.0422 242.6834 0004501  10.0305 350.0800 15.69202998349798
STARLINK-1267           
1 45384U 20019AA  26194.40160255  .00045642  00000+0  31877-3 0  9990
2 45384  53.0398 233.3705 0002675  36.0044 324.1153 15.73850888349923
STARLINK-1272           
1 45386U 20019AC  26194.32074219  .00059706  00000+0  33138-3 0  9995
2 45386  53.0351 211.3544 0002880  49.6912 310.4359 15.78966243350222
STARLINK-1274           
1 45387U 20019AD  26194.42944032  .00078206  00000+0  66264-3 0  9998
2 45387  53.0153 212.3645 0006108 331.3978  28.6702 15.69005805350213
STARLINK-1280           
1 45388U 20019AE  26194.58334491  .00184980  23923-4  54630-3 0  9993
2 45388  53.0287 214.3465 0006813  29.9067 256.3494 15.92231280  6014
STARLINK-1283           
1 45389U 20019AF  26194.35260274  .00047140  00000+0  29548-3 0  9998
2 45389  53.0327 210.4467 0004367   7.4575 352.6508 15.76323174350245
STARLINK-1284           
1 45390U 20019AG  26194.41046434  .00044122  00000+0  30192-3 0  9991
2 45390  53.0388 234.5189 0004110  63.0972 297.0466 15.74336524349904
STARLINK-1297           
1 45395U 20019AM  26194.52304462  .00050688  00000+0  30136-3 0  9998
2 45395  53.0389 232.6599 0003669  31.0395 329.0841 15.77492890349125
STARLINK-1307           
1 45397U 20019AP  26194.48283201  .00022640  00000+0  29028-3 0  9997
2 45397  53.0508 242.8493 0002220   1.3147 358.7870 15.59091458349624
STARLINK-1255           
1 45399U 20019AR  26194.43218862  .00032690  00000+0  28071-3 0  9998
2 45399  53.0302 208.3993 0001409 342.5561  17.5406 15.69084936350089
STARLINK-1260           
1 45404U 20019AW  26194.46107878  .00027252  00000+0  65301-3 0  9997
2 45404  53.1534 260.4048 0001744 291.2904  68.7915 15.41243209349291
STARLINK-1263           
1 45405U 20019AX  26194.49993251  .00022957  00000+0  60832-3 0  9990
2 45405  53.1555 262.2341 0002889 300.5358  59.5361 15.38267988349276
STARLINK-1265           
1 45406U 20019AY  26194.44447816  .00025200  00000+0  59570-3 0  9998
2 45406  53.1537 260.3733 0002515 347.7760  12.3184 15.41696794349294
STARLINK-1278           
1 45408U 20019BA  26194.52523991  .00051929  00000+0  29244-3 0  9990
2 45408  53.0359 231.2933 0002954  38.8824 321.2408 15.78700586349681
STARLINK-1296           
1 45412U 20019BE  26194.41502858  .00020975  00000+0  49543-3 0  9993
2 45412  53.1528 260.1568 0000545 245.7055 114.3894 15.41835309349298
STARLINK-1309           
1 45414U 20019BG  26194.38634270  .00047703  00000+0  29189-3 0  9997
2 45414  53.0556 226.3734 0003249  40.3562 319.7698 15.76871572349726
STARLINK-1316           
1 45415U 20019BH  26194.50664664  .00023015  00000+0  53645-3 0  9996
2 45415  53.1537 259.5771 0001244 307.8122  52.2771 15.42175394349332
STARLINK-1286           
1 45417U 20019BK  26194.47332523  .00040353  00000+0  35577-3 0  9998
2 45417  53.0423 239.1718 0006521  15.0125 345.1083 15.68314095349843
STARLINK-1308           
1 45419U 20019BM  26194.46850970  .00033927  00000+0  28851-3 0  9996
2 45419  53.0439 258.2445 0003529 121.5416 238.5945 15.69298423349324
STARLINK-1329           
1 45531U 20025A   26194.33702542  .00055758  00000+0  31849-3 0  9992
2 45531  53.0378 180.4414 0003713  26.7279 333.3931 15.78351549345189
STARLINK-1338           
1 45532U 20025B   26194.44982316  .00048066  00000+0  31851-3 0  9991
2 45532  53.0394 187.5535 0003027  67.5581 292.5758 15.75046161345098
STARLINK-1350           
1 45535U 20025E   26193.90655031  .00038717  00000+0  95592-3 0  9999
2 45535  53.0680 163.6467 0002244  72.9183 287.2067 15.40156262345423
STARLINK-1362           
1 45538U 20025H   26194.51915603 -.00016301  00000+0 -38692-3 0  9999
2 45538  53.1543 232.2837 0005377 346.0102  14.0753 15.40477639344505
STARLINK-1368           
1 45540U 20025K   26194.39858156  .00024277  00000+0  59248-3 0  9996
2 45540  53.1539 233.1717 0003883 344.7686  15.3202 15.40751142344475
STARLINK-1371           
1 45542U 20025M   26194.31408890  .00039910  00000+0  30297-3 0  9999
2 45542  53.0399 198.8693 0002534  60.1976 299.9293 15.71950152344929
STARLINK-1372           
1 45543U 20025N   26194.47662380  .00023000  00000+0  55369-3 0  9993
2 45543  53.1545 232.1883 0004120 337.9153  22.1674 15.41197515343596
STARLINK-1373           
1 45544U 20025P   26194.40632806  .00046118  00000+0  32363-3 0  9991
2 45544  53.0418 193.0364 0002964  42.1007 318.0238 15.73734679345016
STARLINK-1327           
1 45555U 20025AA  26194.31789461  .00046343  00000+0  29847-3 0  9996
2 45555  53.0359 170.5776 0002409  84.0754 276.0539 15.75718785345319
STARLINK-1356           
1 45564U 20025AK  26194.45878545  .00032590  00000+0  28952-3 0  9998
2 45564  53.0392 184.4175 0004662  49.5229 310.6192 15.68245890345133
STARLINK-1357           
1 45565U 20025AL  26194.00056240  .00056065  00000+0  39373-3 0  9992
2 45565  53.0417 142.1643 0001218 212.3622 147.7321 15.73637143345690
STARLINK-1361           
1 45567U 20025AN  26194.47848531  .00039509  00000+0  29876-3 0  9998
2 45567  53.0382 182.1596 0002685  77.4869 282.6449 15.72046764345171
STARLINK-1376           
1 45570U 20025AR  26194.37913841  .00031704  00000+0  74690-3 0  9991
2 45570  53.1541 208.9434 0002356 350.0425  10.0534 15.41674956344818
STARLINK-1320           
1 45572U 20025AT  26194.06189488  .00329148  58271-4  55786-3 0  9996
2 45572  53.0347  75.1813 0002431 146.1798 213.9387 16.02155840346646
STARLINK-1321           
1 45573U 20025AU  26193.39566602  .00043215  00000+0  32009-3 0  9992
2 45573  53.0383 171.2926 0001846  84.3615 275.7613 15.72497728344927
STARLINK-1331           
1 45578U 20025AZ  26194.50461875  .00039251  00000+0  29382-3 0  9992
2 45578  53.0430 172.7683 0002059  76.3984 283.7263 15.72291369345315
STARLINK-1333           
1 45580U 20025BB  26194.36731389  .00050963  00000+0  13157-2 0  9994
2 45580  53.1527 211.2838 0003800 355.9351   4.1622 15.38666095344784
STARLINK-1335           
1 45581U 20025BC  26194.35798505  .00021321  00000+0  53174-3 0  9997
2 45581  53.1526 207.6141 0003585 333.6678  26.4145 15.40173039344821
STARLINK-1337           
1 45582U 20025BD  26194.49126075  .00061184  00000+0  32384-3 0  9991
2 45582  53.0403 159.9631 0001764 110.1788 249.9423 15.80007844345472
STARLINK-1347           
1 45586U 20025BH  26194.25086365  .00049437  00000+0  36411-3 0  9998
2 45586  53.0345 133.3611 0001604  74.8345 285.2850 15.72571754345826
STARLINK-1364           
1 45589U 20025BL  26194.30446104  .00044866  00000+0  32074-3 0  9990
2 45589  53.0389 169.6077 0004543  50.7127 309.4293 15.73306286345323
STARLINK-1365           
1 45590U 20025BM  26194.31652553  .00052714  00000+0  46075-3 0  9997
2 45590  53.0426 205.3692 0002876  53.3126 306.8154 15.68427034344845
STARLINK-1443           
1 45660U 20035D   26194.43157486  .00023301  00000+0  67997-3 0  9990
2 45660  53.1304 200.3560 0002473  46.9435 313.1775 15.35251788338019
STARLINK-1446           
1 45663U 20035G   26194.15247940  .00023081  00000+0  41574-3 0  9995
2 45663  53.0196 120.5025 0002658  16.0437 344.0654 15.49719194339086
STARLINK-1448           
1 45665U 20035J   26194.47903360  .00056514  00000+0  33857-3 0  9999
2 45665  53.0389 155.5997 0002180  98.9752 261.1514 15.77280883338618
STARLINK-1451           
1 45668U 20035M   26194.45084345  .00013926  00000+0  73496-3 0  9996
2 45668  53.0486 215.6578 0002270   8.8945 351.2088 15.15806091337787
STARLINK-1452           
1 45669U 20035N   26194.23154470  .00034581  00000+0  35162-3 0  9998
2 45669  53.0213 134.7688 0006891  70.0820 290.0936 15.64835601338893
STARLINK-1453           
1 45670U 20035P   26194.37161650  .00069712  00000+0  40048-3 0  9996
2 45670  53.0358 116.2709 0001835 162.6046 197.5037 15.78139406339052
STARLINK-1454           
1 45671U 20035Q   26194.01230509  .00066260  00000+0  42548-3 0  9990
2 45671  53.0389 159.5715 0001804  84.4225 275.6999 15.75639266338511
STARLINK-1456           
1 45673U 20035S   26194.29068580  .00046683  00000+0  35299-3 0  9992
2 45673  53.0388 153.4168 0001605  87.7302 272.3899 15.71974619338645
STARLINK-1458           
1 45675U 20035U   26194.00087252  .00144588  00000+0  15022-2 0  9994
2 45675  53.0429 171.7167 0004598  48.8518 311.2891 15.63659423338320
STARLINK-1460           
1 45676U 20035V   26194.34724769  .00029555  00000+0  77784-3 0  9993
2 45676  53.1541 198.6151 0004808  18.6213 341.4966 15.38328824337999
STARLINK-1392           
1 45677U 20035W   26194.41607186  .00030956  00000+0  72485-3 0  9995
2 45677  53.1518 196.0457 0005344   5.8724 354.2344 15.41861071338078
STARLINK-1394           
1 45679U 20035Y   26194.25176227  .00040974  00000+0  33146-3 0  9998
2 45679  53.0376 144.1354 0001639 100.0427 260.0774 15.70419655338768
STARLINK-1402           
1 45685U 20035AE  26194.27079946  .00034689  00000+0  31641-3 0  9991
2 45685  53.0388 136.4659 0001221 115.8223 244.2919 15.67572496338882
STARLINK-1404           
1 45686U 20035AF  26194.00956748  .00051686  00000+0  97936-3 0  9992
2 45686  53.1529 178.0690 0005028   7.8329 352.2757 15.47854381338293
STARLINK-1413           
1 45689U 20035AJ  26194.45409628  .00022046  00000+0  58841-3 0  9994
2 45689  53.1534 182.7906 0004848  19.7889 340.3303 15.38064724338183
STARLINK-1417           
1 45693U 20035AN  26194.42273074  .00012151  00000+0  59742-3 0  9997
2 45693  53.0462 201.7890 0002786 310.2870  49.7880 15.18423160337965
STARLINK-1420           
1 45695U 20035AQ  26193.99465497  .00061745  00000+0  41308-3 0  9994
2 45695  53.0420 127.6837 0001265 149.4308 210.6785 15.74724800338979
STARLINK-1422           
1 45696U 20035AR  26193.19981797  .00033796  00000+0  84468-3 0  9992
2 45696  53.1530 188.3862 0001789  77.9135 282.2071 15.39851599338070
STARLINK-1351           
1 45697U 20035AS  26194.22348794  .00039784  00000+0  32912-3 0  9992
2 45697  53.0408 127.8972 0000891  20.7300 339.3753 15.69893428338999
STARLINK-1400           
1 45700U 20035AV  26194.43715704  .00049232  00000+0  33126-3 0  9996
2 45700  53.0409 128.7688 0001764 122.0130 238.1060 15.74685784338993
STARLINK-1403           
1 45701U 20035AW  26194.36652177  .00029942  00000+0  82577-3 0  9993
2 45701  53.1514 170.9769 0004541  26.8827 333.2411 15.36874963338412
STARLINK-1407           
1 45703U 20035AY  26194.02322459  .00083916  00000+0  43213-3 0  9990
2 45703  53.0261  55.6061 0005068 160.8590 199.2622 15.80470477339985
STARLINK-1423           
1 45710U 20035BF  26194.22771110  .00044610  00000+0  32071-3 0  9990
2 45710  53.0402 126.0936 0003135 168.8416 191.2671 15.73182459339003
STARLINK-1433           
1 45711U 20035BG  26194.45868902  .00056170  00000+0  31297-3 0  9995
2 45711  53.0411 122.7136 0001401 149.4819 210.6283 15.78908616339073
STARLINK-1434           
1 45712U 20035BH  26194.26646071  .00027704  00000+0  75428-3 0  9991
2 45712  53.0472 153.4975 0002943  82.4511 277.6825 15.37318246338646
STARLINK-1465           
1 45731U 20038B   26193.54833713  .00049022  00000+0  36511-3 0  9993
2 45731  53.0434 333.9059 0001674 296.6695  63.4151 15.72311539335888
STARLINK-1471           
1 45735U 20038F   26194.39604655  .00038981  00000+0  55990-3 0  9996
2 45735  53.0431 256.7635 0002110 339.8054  20.2872 15.55741317337050
STARLINK-1480           
1 45741U 20038M   26193.66644551  .00049902  00000+0  42825-3 0  9999
2 45741  53.0479 327.8405 0002143 113.6828 246.4413 15.68900230335996
STARLINK-1500           
1 45744U 20038Q   26194.35829589  .00017125  00000+0  41842-3 0  9995
2 45744  53.0352 320.4118 0002168 321.2410  38.8438 15.40952480336153
STARLINK-1504           
1 45746U 20038S   26194.46919793  .00021454  00000+0  25091-3 0  9994
2 45746  53.0185 251.5320 0001921 347.7863  12.3102 15.61547250337119
STARLINK-1506           
1 45747U 20038T   26193.73698742  .00004275  00000+0  16071-3 0  9992
2 45747  53.0772 342.5193 0002268 314.5041  45.5772 15.29289226335801
STARLINK-1464           
1 45751U 20038X   26193.63821648  .00024770  00000+0  35474-3 0  9999
2 45751  53.0469 324.0922 0002650 124.2608 235.8653 15.56061501336047
STARLINK-1477           
1 45754U 20038AA  26194.48734117  .00017733  00000+0  80753-3 0  9991
2 45754  53.0540 358.3522 0000934  69.4384 290.6712 15.20773864335632
STARLINK-1478           
1 45755U 20038AB  26194.48943397  .00047185  00000+0  31211-3 0  9993
2 45755  53.0445 300.3145 0002985 357.6074   2.4930 15.75096166336434
STARLINK-1493           
1 45759U 20038AF  26194.50108037  .00037770  00000+0  32715-3 0  9993
2 45759  53.0458 311.2892 0002963 112.5473 247.5856 15.68798069336284
STARLINK-1502           
1 45764U 20038AL  26193.75744096  .00044091  00000+0  39412-3 0  9991
2 45764  53.0430 319.1326 0002547 359.7785   0.3229 15.67955453336121
STARLINK-1470           
1 45772U 20038AU  26194.48502229  .00025901  00000+0  68787-3 0  9997
2 45772  53.0438 305.7738 0001504  44.3397 315.7726 15.38127432336372
STARLINK-1482           
1 45773U 20038AV  26194.49812948  .00026573  00000+0  64289-3 0  9990
2 45773  53.1568 321.8951 0001250  89.4361 270.6787 15.40966910336172
STARLINK-1496           
1 45780U 20038BC  26194.49849523  .00043890  00000+0  31411-3 0  9999
2 45780  53.0448 284.5820 0005538 355.8696   4.2275 15.73283800336652
STARLINK-1513           
1 45786U 20038BJ  26194.33346844  .00002812  00000+0  10227-3 0  9997
2 45786  53.1596 326.5915 0001333  56.3055 303.8074 15.31729265336093
STARLINK-1522           
1 46027U 20055A   26194.47723649  .00004305  00000+0  24674-3 0  9992
2 46027  53.0621 277.0689 0001309  67.8470 292.2662 15.14587593327911
STARLINK-1523           
1 46028U 20055B   26194.41303242  .00027692  00000+0  86531-3 0  9994
2 46028  53.1587 262.3507 0004196   3.5747 356.5284 15.32982746328151
STARLINK-1526           
1 46029U 20055C   26194.48136480  .00000707  00000+0  34545-4 0  9997
2 46029  53.1604 262.1330 0000987  83.7493 276.3620 15.31701050328155
STARLINK-1555           
1 46032U 20055F   26194.46740497 -.00007316  00000+0 -22439-3 0  9991
2 46032  53.1587 262.2054 0000972  57.9960 302.1136 15.31676856328154
STARLINK-1556           
1 46033U 20055G   26194.44874185  .00000407  00000+0  24892-4 0  9990
2 46033  53.1587 262.2845 0001082  55.6178 304.4925 15.31691915328123
STARLINK-1557           
1 46034U 20055H   26194.45807075 -.00000009  00000+0  11462-4 0  9994
2 46034  53.1589 262.3043 0001182  82.9021 277.2114 15.31697358328122
STARLINK-1558           
1 46035U 20055J   26194.47205808  .00001688  00000+0  66153-4 0  9993
2 46035  53.1575 262.3097 0001053  82.8566 277.2555 15.31702167328154
STARLINK-1560           
1 46036U 20055K   26194.45341263 -.00000347  00000+0  57751-6 0  9996
2 46036  53.1583 262.3505 0001239  79.7851 280.3290 15.31708815328153
STARLINK-1569           
1 46039U 20055N   26194.46271706  .00001242  00000+0  51779-4 0  9990
2 46039  53.1603 262.2140 0000957  75.2638 284.8470 15.31700037328149
STARLINK-1582           
1 46043U 20055S   26194.47128056  .00001469  00000+0  59082-4 0  9991
2 46043  53.1603 261.4805 0001358  81.4296 278.6860 15.31699935328157
STARLINK-1591           
1 46045U 20055U   26194.43008360  .00002739  00000+0  99977-4 0  9992
2 46045  53.1598 262.3679 0000870  61.9140 298.1949 15.31706606328126
STARLINK-1524           
1 46047U 20055W   26194.44060714 -.00000179  00000+0  59954-5 0  9995
2 46047  53.1593 248.9226 0001234  75.8746 284.2392 15.31699597328333
STARLINK-1527           
1 46048U 20055X   26194.43594286  .00001454  00000+0  58611-4 0  9995
2 46048  53.1588 248.9248 0001135  78.1075 282.0054 15.31699591328305
STARLINK-1540           
1 46051U 20055AA  26194.42198459  .00000153  00000+0  16686-4 0  9991
2 46051  53.1588 249.1991 0000941  98.4129 261.6979 15.31704719328348
STARLINK-1541           
1 46052U 20055AB  26194.57858382  .00490605  12540-3  65508-3 0  9993
2 46052  53.1465 216.3355 0011160  16.8425 343.2977 16.05925996328777
STARLINK-1543           
1 46053U 20055AC  26194.52450597  .00000515  00000+0  28375-4 0  9998
2 46053  53.1602 248.5298 0001129  76.1752 283.9375 15.31693746328359
STARLINK-1548           
1 46054U 20055AD  26194.47324259  .00000851  00000+0  39203-4 0  9993
2 46054  53.1591 248.8439 0001028  76.1186 283.9930 15.31692804328346
STARLINK-1554           
1 46055U 20055AE  26194.51984286  .00001522  00000+0  60817-4 0  9992
2 46055  53.1595 248.5702 0001108  87.1081 273.0047 15.31697310328353
STARLINK-1564           
1 46058U 20055AH  26194.47921795  .00000230  00000+0  19901-4 0  9999
2 46058  53.1595 250.0907 0000818  73.5908 286.5182 15.30184516328329
STARLINK-1570           
1 46059U 20055AJ  26194.35203623  .00001297  00000+0  53543-4 0  9994
2 46059  53.1586 249.2330 0001091  76.2330 283.8793 15.31696474328288
STARLINK-1572           
1 46060U 20055AK  26194.46021512  .00000139  00000+0  16813-4 0  9996
2 46060  53.1593 249.9233 0001078  81.6537 278.4585 15.30186501328295
STARLINK-1573           
1 46061U 20055AL  26194.46855745  .00000376  00000+0  23884-4 0  9999
2 46061  53.1596 248.6589 0001116  67.8806 292.2314 15.31693967328347
STARLINK-1577           
1 46063U 20055AN  26194.43129231  .00023814  00000+0  77781-3 0  9998
2 46063  53.1575 248.8275 0004067  88.0358 272.1109 15.31649866328332
STARLINK-1583           
1 46064U 20055AP  26194.44530860 -.00000279  00000+0  27641-5 0  9997
2 46064  53.1601 249.2647 0001343 103.0831 257.0321 15.31690409328325
STARLINK-1536           
1 46070U 20055AV  26194.51185286  .00001606  00000+0  63513-4 0  9991
2 46070  53.1580 236.3387 0001047  97.4305 262.6815 15.31694288328519
STARLINK-1542           
1 46073U 20055AY  26194.40572398  .00001660  00000+0  65231-4 0  9995
2 46073  53.1583 239.8027 0001187  71.3094 288.8036 15.31700978328446
STARLINK-1549           
1 46074U 20055AZ  26194.48036867  .00019353  00000+0  58216-3 0  9992
2 46074  53.0476 236.0287 0002127  34.6424 325.4715 15.34412802328483
STARLINK-1551           
1 46075U 20055BA  26194.43761703 -.00000798  00000+0 -13966-4 0  9991
2 46075  53.1589 236.6232 0001278  75.3557 284.7586 15.31695706328498
STARLINK-1552           
1 46076U 20055BB  26194.35832617  .00003567  00000+0  12664-3 0  9994
2 46076  53.1579 236.5731 0001192  81.2472 278.8664 15.31700458328478
STARLINK-1559           
1 46077U 20055BC  26194.35709321  .00033060  00000+0  77834-3 0  9991
2 46077  53.0223 203.4287 0004437  19.8400 340.2776 15.41664958328895
STARLINK-1566           
1 46079U 20055BE  26194.49346955  .00000234  00000+0  19304-4 0  9994
2 46079  53.1587 235.7986 0001030  99.7729 260.3389 15.31691081328519
STARLINK-1568           
1 46080U 20055BF  26194.27398034  .00032668  00000+0  44479-3 0  9993
2 46080  53.0556 148.8277 0003149 103.9657 256.1704 15.57272049329695
STARLINK-1578           
1 46082U 20055BH  26194.43261407 -.00000156  00000+0  67402-5 0  9997
2 46082  53.1596 236.5998 0001078  84.8948 275.2177 15.31689374328494
STARLINK-1579           
1 46083U 20055BJ  26194.48415057  .00001372  00000+0  55975-4 0  9996
2 46083  53.1583 235.8930 0001183  77.2884 282.8249 15.31699767328504
STARLINK-1622           
1 46128U 20057M   26194.56999058  .00662260  24281-3  68824-3 0  9991
2 46128  53.0069 312.7227 0012660 317.9077  42.0982 16.09793520327255
STARLINK-1623           
1 46129U 20057N   26194.58334491  .00083810  00000+0  32820-3 0  9992
2 46129  53.0358 354.8505 0003059 273.1386 285.4000 15.86288673  6059
STARLINK-1596           
1 46141U 20057AA  26193.68162533  .00049797  00000+0  47963-3 0  9992
2 46141  53.0334 346.1971 0002124 212.3273 147.7612 15.66051448326724
STARLINK-1597           
1 46142U 20057AB  26194.58334491  .00065043  00000+0  27463-3 0  9992
2 46142  53.0365  34.7808 0004386 229.7722  11.6323 15.84817741  6001
STARLINK-1608           
1 46146U 20057AF  26194.20902045  .00035311  00000+0  89373-3 0  9994
2 46146  53.1565  83.0550 0005044 102.2532 257.9038 15.39437062325449
STARLINK-1595           
1 46159U 20057AU  26194.58334491  .00063362  00000+0  31161-3 0  9992
2 46159  53.0371  38.2078 0003653 206.8135 246.8775 15.81589340  5688
STARLINK-1598           
1 46160U 20057AV  26193.80142383  .00117862  00000+0  62297-3 0  9994
2 46160  53.0427  28.5291 0003470 293.3324  66.7332 15.79770049327386
STARLINK-1626           
1 46167U 20057BC  26193.95168138  .00163890  00000+0  66420-3 0  9997
2 46167  53.0362  36.1391 0005486 256.3365 103.7047 15.85286571326046
STARLINK-1633           
1 46171U 20057BG  26194.52922532  .00418591  88988-4  68474-3 0  9990
2 46171  53.0263 351.2908 0011294 302.9508  57.0436 16.02594766327971
STARLINK-1640           
1 46173U 20057BJ  26194.47376956  .00124966  00000+0  60102-3 0  9993
2 46173  53.0365  39.7579 0003104 212.4733 147.6098 15.81800974326037
STARLINK-1641           
1 46174U 20057BK  26193.83619033  .00063230  00000+0  54991-3 0  9994
2 46174  53.0448  37.5336 0003062 257.9166 102.1507 15.68473252326013
STARLINK-1695           
1 46329U 20062E   26194.58334491  .00139959  00000+0  55753-3 0  9996
2 46329  53.0385  75.8326 0004561 236.9873 353.1516 15.85722480  5994
STARLINK-1719           
1 46331U 20062G   26194.58334491  .00423362  86772-4  85634-3 0  9999
2 46331  53.0270  73.0126 0006736 236.6432 178.3651 15.99020162  6072
STARLINK-1759           
1 46340U 20062R   26194.52864858  .00853974  43253-3  79160-3 0  9997
2 46340  53.0026  61.2761 0007100 250.1894 109.8374 16.11670727324802
STARLINK-1762           
1 46342U 20062T   26194.23193509  .00037877  00000+0  89549-3 0  9992
2 46342  53.1520 143.1152 0004308  27.2419 332.8811 15.41475983323689
